# name: Attitude Adjuster
# type: Raspberry Pi 4
# arch: aarch64
# cpu: CPU Cortex-A72
# mem: 8GB
# bootdisk_size: 28.4G
storage_uuid: 4ad3fab1-708a-4051-a3f7-c8c3db158f7b
storage_mount: /storage
ansible_python_interpreter: /usr/bin/python3
ansible_user: pi
ansible_host: 192.168.1.101
wireguard_address: "10.8.0.114/24"