# ------------------------
# name: Lady Rona
# type: Intel
# arch: x86_64
# mainboard: H270 GAMING M3 (MS-7A62)
# cpu: Intel i5-7500 (8th Gen)
# mem: 64GB
# ------------------------

ansible_user: ubuntu
ansible_host: 192.168.1.116

# Network Interfaces
mac_address: "4C:CC:6A:B7:D3:99"

# Wireguard
wireguard_address: "10.8.0.116/24"
wireguard_endpoint: 192.168.1.116
wireguard_persistent_keepalive: "30"

# cnames
cnames:
  - jellyfin.affordablepotatoes.com

# NFS shares
nfs_exports:
#  - "/slowpool/incoming *(rw,all_squash,anonuid=1000,anongid=1000)"
  - "/fastpool *(rw,all_squash,anonuid=1000,anongid=1000)"
  - "/slowpool/media *(rw,all_squash,anonuid=1000,anongid=1000)"
  - "/slowpool/backups *(rw,all_squash,anonuid=1000,anongid=1000)"

# Base for all container dirs. Normally on an SSD.
container_config_dir: /fastpool/containers

# Restic vars
backup_restic_destination: /slowpool/backups/containers # Restic snapshot location
backup_sources: # list of directories inside {{ container_config_dir }} that should be backed up
  - homeassistant

# Healthceck.io
healthcheck_reboot_id: !vault |
          $ANSIBLE_VAULT;1.2;AES256;beanpod
          65663932633330643236653037333637613138323963333861643330346362303561666534343131
          3066363162626461346239303433343637393565323262350a346666303139336165636433623438
          66313761353263373261393031633230303136346462373866306538376232306531333465393566
          3233396133653561310a656531303330646133303166646464323936373535613935636236383561
          61316664346365363331316236373063633164663335643837383465643337643634646535616133
          3134386264386231643866303138643266316131636536656436

