# ------------------------
# name: Gotta Keep Swimming
# type: Intel
# arch: x86_64
# cpu: Intel ??
# mem: 8GB
# ------------------------

ansible_user: ubuntu
ansible_host: 192.168.1.118
mac_address: "60:a4:4c:40:52:57"

# Wireguard
wireguard_address: "10.8.0.116/24"
wireguard_endpoint: 192.168.1.118
wireguard_persistent_keepalive: "30"

