# ------------------------
# name: Boner Seizure
# type: Raspberry Pi 4
# arch: aarch64
# cpu: Cortex-A72
# mem: 2GB
# ------------------------
ansible_host: 192.168.1.111
# ansible_python_interpreter: /usr/bin/python3
ansible_user: root
mac_address: "E4:5F:01:7E:55:51"
# storage_mount: /storage
# storage_uuid: 58112fa4-b24c-4fc1-b9cf-7e86d8601cdd
# wireguard_address: "10.8.0.111/24"
cnames:
  - pikvm.affordablepotatoes.com
