# ------------------------
# name: Sleeper Service
# type: Raspberry Pi 3
# arch: aarch64
# cpu: Cortex-A53
# mem: 1GB
# ------------------------

ansible_host: 192.168.1.208
ansible_python_interpreter: /usr/bin/python3
ansible_user: ubuntu
mac_address: "b8:27:eb:6e:31:5a"
raspberry_pi_disable_bluetooth: true
raspberry_pi_disable_wifi: true
wireguard_address: "10.8.0.2/24"
wireguard_endpoint: 192.168.1.2