# ------------------------
# name: Impartial Broadcaster
# type: Intel NUC 
# arch: x86_64
# cpu: Intel(R) Atom(TM) CPU  E3815  @ 1.46GHz
# mem: 8GB
# ------------------------
ansible_host: 192.168.1.113
ansible_user: ubuntu
mac_address: "F4:4D:30:69:15:D4"
# wireguard_address: "10.8.0.113/24"
