# ------------------------
# name: Lady Rona
# type: Intel
# arch: x86_64
# cpu: Intel i5 8th Gen
# mem: 64GB
# ------------------------

ansible_user: ubuntu
ansible_host: 192.168.1.116
mac_address: "4C:CC:6A:B7:D3:99"

# Wireguard
wireguard_address: "10.8.0.116/24"
wireguard_endpoint: 192.168.1.116
wireguard_persistent_keepalive: "30"

# cnames
cnames:
  - jellyfin.affordablepotatoes.com

# NFS shares
nfs_exports:
#  - "/slowpool/incoming *(rw,all_squash,anonuid=1000,anongid=1000)"
  - "/fastpool *(rw,all_squash,anonuid=1000,anongid=1000)"
  - "/slowpool/media *(rw,all_squash,anonuid=1000,anongid=1000)"

# Base for all container dirs. Normally on an SSD.
container_config_dir: /fastpool/containers

# Restic vars
backup_restic_destination: /slowpool/backups/containers # Restic snapshot location
backup_sources: # list of directories inside {{container_config_dir}} that should be backed up
  - homeassistant

# Healthceck.io
healthcheck_reboot_id: !vault |
          $ANSIBLE_VAULT;1.2;AES256;beanpod
          64396235313432373165313266653061666165386535346564323439316436393864313865356562
          3639653166643138373437373162646338623365356432390a303663323864333535396165303139
          63633563316263353738353234613135386364333439646162333062363934383237666166313362
          6434306138616538640a386263336638376434366639313435626561613463393137303666653261
          34386136353766633532636565343966326635616661323732323435343737633437613065613461
          3965313837626664663637356135346465626132656237653365