# ------------------------
# name: Attitude Adjuster
# type: Raspberry Pi 4
# arch: aarch64
# cpu: Cortex-A72
# mem: 8GB
# ------------------------

ansible_host: 192.168.1.101
ansible_python_interpreter: /usr/bin/python3
ansible_user: ubuntu

mac_address: "E4:5F:01:34:5F:0E"
wireguard_address: "10.8.0.101/24"
wireguard_endpoint: 192.168.1.101
cnames:
  - esphome.affordablepotatoes.com
  - jumphost.affordablepotatoes.com
