# name: Attitude Adjuster
# type: raspberrypi
# model: 4
# arch: aarch64
# cpu: CPU Cortex-A72
# mem: 8GB
# bootdisk_size: 28.4G
ansible_host: 192.168.1.101
ansible_python_interpreter: /usr/bin/python3
ansible_user: pi
mac_address: "E4:5F:01:34:5F:0E"
wireguard_address: "10.8.0.101/24"
wireguard_endpoint: 192.168.1.101
cnames:
  - esphome.affordablepotatoes.com
  - jumphost.affordablepotatoes.com