# ------------------------
# name: April Ashley
# type: Raspberry Pi 4
# arch: aarch64
# cpu: Cortex-A72
# mem: 8GB
# ------------------------

ansible_host: 192.168.1.102
ansible_user: ubuntu

# Network Interfaces
mac_address: "E4:5F:01:46:8B:D3"

# Wireguard
wireguard_address: "10.8.0.102/24"

# CNAMEs
cnames:
  - mqtt.affordablepotatoes.com
  - homeassistant.affordablepotatoes.com

# Healthcheck.io
healthcheck_reboot_id: !vault |
          $ANSIBLE_VAULT;1.2;AES256;beanpod
          31616338623666386330646262666364326337316338343639373262363037303664626461646130
          3765343462333466636530376237643834613063303261390a363730623338306537376336313535
          62623763343762343138363632336562643530363539646261303831616239643365343166646137
          3965333263663338330a383035376334376266356435666137303137633534653930386563653830
          66316237383636666564386434623832363265666532336237346531313764363062366337383534
          6331333862376364663864396462353666653331656335643861

# Reboot regularly
reboot_hour: 4