# ------------------------
# name: Bondage Queen
# type: Intel NUC 
# arch: x86_64
# cpu: Intel(R) Atom(TM) CPU  E3815  @ 1.46GHz
# mem: 8GB
# ------------------------

ansible_host: 192.168.1.106
ansible_user: ubuntu
mac_address: "c0:3f:d5:67:db:ab"
# wireguard_address: "10.8.0.112/24"