# ------------------------
# name: April Ashley
# type: Raspberry Pi 4
# arch: aarch64
# cpu: Cortex-A72
# mem: 8GB
# ------------------------

ansible_host: 192.168.1.102
ansible_user: ubuntu

# Network Interfaces
mac_address: "E4:5F:01:46:8B:D3"

# Wireguard
wireguard_address: "10.8.0.102/24"

# CNAMEs
cnames:
  - mqtt.affordablepotatoes.com
  - homeassistant.affordablepotatoes.com

# Healthcheck.io
healthcheck_reboot_id: !vault |
          $ANSIBLE_VAULT;1.2;AES256;beanpod
          66626638333336643837356366616662313163323961373032353461633936653938663237666363
          3535613039353936643666306162663334663039383733340a343330326533653433383834313331
          35396330333534613839663563333765303030626334316532366262373034363966393764663939
          6634376462333062630a393639323966613635643166396538663764336338653065376438346364
          31303765303333663735613064386236346365663563636264323666333532353363306534343162
          6637383935643031656237663039353736303937313965313166

# Reboot regularly
reboot_hour: 4