# ------------------------
# name: Sleeper Service
# type: Raspberry Pi 3
# arch: aarch64
# cpu: Cortex-A53
# mem: 1GB
# ------------------------

ansible_host: 192.168.1.2
ansible_python_interpreter: /usr/bin/python3
ansible_user: ubuntu
mac_address: "b8:27:eb:6e:31:5a"
raspberry_pi_disable_bluetooth: true
raspberry_pi_disable_wifi: true
wireguard_address: "10.8.0.2"
wireguard_endpoint: 192.168.1.2

# Pihole
pihole_static_ip: 192.168.1.2
pihole_netmask: 24
pihole_gateway: 192.168.1.1
pihole_password: !vault |
          $ANSIBLE_VAULT;1.2;AES256;beanpod
          38656631333564306634353432383439326339656564663563333234653461366364353966396535
          3232353562346463303663653262666464393437636564340a383131323533303763386532613236
          36663030356639636434613537363466363663366161336333373232313864663462643236323962
          3337326339303261610a336639356663393936386633343434323835386237623661366136363039
          35353763376131613964636164323466343137313162633932646232353331363462336133326564
          3633353062646330306238643165396663326332666336666166
          
# Static IP address (because this is a DHCP server)
netplan_enabled: true
netplan_renderer: networkd
netplan_configuration:
  network:
    version: 2
    ethernets:
      eth0:
        addresses:
        - "{{pihole_static_ip}}/{{pihole_netmask}}"
        routes:
        - to: default
          via: "{{pihole_gateway}}"

# Reboot regularly
reboot_hour: 4

# Healthchecks.io
healthcheck_reboot_id: !vault |
          $ANSIBLE_VAULT;1.2;AES256;beanpod
          31646635613430666134616561323630643465363963663363386137656231333038646662653164
          6234633337396233336536326635373732356232383665300a646633396135333638323936623233
          31336530623564613036363535616634306234613166656262323035666537626139366664633662
          6438366537313136380a333966373038333534323365653738646132303330666438643536633832
          63363431343264383333623734353366306233656361306638633730366163643138626633383034
          3666336334623134383833653565313034353964353837376430
