# ------------------------
# name: Big Sexy Beast
# type: Raspberry Pi 4
# arch: aarch64
# cpu: Cortex-A72
# mem: 4GB
# ------------------------

ansible_host: 192.168.1.104
ansible_user: ubuntu
mac_address: "DC:A6:32:71:1A:37"
# wireguard_address: "10.8.0.104/24"
