# name: Weaponised Gender
# type: Raspberry Pi 1 (DO YOU WANT A CUP OF TEA, GRANDMA?)
# arch: 
# cpu: 
# mem: 
# bootdisk: 
# storage_uuid: 
ansible_user: pi
ansible_host: 192.168.1.107
wireguard_address: "10.8.0.107/24"
mac_address: "B8:27:EB:66:47:FF"